// Nexus Buddy BR2 - Exported from Blender for import to Nexus Buddy 2
skeleton
0 "Whole" -1 0.00000000 0.00000000 0.00000000 0.00000000 0.00000000 0.00000000 1.00000000 1.00000000 0.00000000 0.00000000 0.00000000 0.00000000 1.00000000 0.00000000 0.00000000 0.00000000 0.00000000 1.00000000 0.00000000 0.00000000 0.00000000 0.00000000 1.00000000
1 "Base Human" 0 -0.00000000 0.00000008 0.00000000 0.70710707 -0.00000015 0.70710647 -0.00000012 0.00000083 -0.00000038 1.00000000 -0.00000000 -0.00000000 -1.00000000 -0.00000038 0.00000000 1.00000000 0.00000000 -0.00000083 -0.00000000 0.00000000 0.00000008 0.00000000 1.00000000
2 "HORSE_BASE_ORIENT" 0 -89.37463379 41.33784866 113.95549774 -0.49066347 0.50916421 -0.49066472 0.50916541 -0.00000003 0.00000243 1.00000000 -0.00000000 -0.99931544 0.03699501 -0.00000012 0.00000000 -0.03699501 -0.99931544 0.00000243 -0.00000000 45.52533340 112.34841156 89.37435913 1.00000000
3 "Horse" 0 -0.00000000 0.00000008 0.00000000 0.70710683 0.00003696 0.70710671 -0.00003701 0.00000013 -0.00000006 1.00000000 -0.00000000 0.00010465 -1.00000000 -0.00000006 0.00000000 1.00000000 0.00010465 -0.00000013 -0.00000000 -0.00000000 0.00000008 0.00000000 1.00000000
4 "SWORD_CONSTRAINT_Parent" 0 -38.96586990 -4.21837997 64.07479095 0.72403157 -0.59193188 -0.23323987 0.26644740 0.19043185 -0.73286223 -0.65318328 -0.00000000 -0.98144686 -0.15724504 -0.10970853 0.00000000 -0.02230862 0.66195685 -0.74920970 -0.00000000 4.70964670 -71.63468170 22.09080505 1.00000000
5 "HorsePelvis" 2 -0.01170356 0.00371377 89.35286713 -0.00000124 0.00000000 -0.00005351 1.00000000 -0.00000003 -0.00000006 1.00000000 -0.00000000 -0.99931943 0.03688807 -0.00000002 0.00000000 -0.03688807 -0.99931943 -0.00000006 -0.00000000 45.52501678 112.34957123 0.02177442 1.00000000
6 "LINKER Hips" 1 -0.00000000 -0.00000393 0.00000011 0.70710713 -0.00000019 0.70710641 0.00000005 1.00000000 0.00000008 -0.00000017 -0.00000000 -0.00000008 1.00000000 0.00000015 0.00000000 0.00000017 -0.00000015 1.00000000 -0.00000000 -0.00000011 -0.00000401 -0.00000000 1.00000000
7 "Spear" 4 0.24687177 0.55498606 -3.00396752 -0.00126658 -0.00000000 -0.00000000 0.99999923 0.19043185 -0.73120528 -0.65503764 -0.00000000 -0.98144686 -0.15696663 -0.11010651 0.00000000 -0.02230862 0.66385257 -0.74753046 -0.00000000 4.46277475 -72.25301361 24.91182327 1.00000000
8 "CHARACTER_REORIENT" 6 0.00001297 4.81262779 61.61849976 0.70710582 0.00122035 0.70710552 0.00123122 0.00000035 0.00000168 1.00000000 -0.00000000 0.00349011 -0.99999386 0.00000168 0.00000000 0.99999380 0.00349011 -0.00000036 0.00000000 -61.63491440 4.59755611 0.00001115 1.00000000
9 "HorseLFemur" 5 -20.22950554 11.99612617 13.28079987 -0.83533120 -0.54880911 0.00557041 0.03161163 0.02539059 -0.05892574 -0.99793941 -0.00000000 -0.36344960 -0.93049246 0.04569592 0.00000000 -0.93126774 0.36154050 -0.04504230 0.00000000 117.85126495 21.34512711 15.02452850 1.00000000
10 "HorseRFemur" 5 -20.22949791 11.99613476 -13.28083038 0.83533412 0.54880786 0.00547566 0.03157306 -0.02550713 0.05875827 -0.99794626 -0.00000000 -0.36345461 -0.93050027 -0.04549733 0.00000000 -0.93126255 0.36154777 0.04509035 0.00000000 117.84837341 21.34520149 -15.08534336 1.00000000
11 "HorseSpine1" 5 0.00000141 0.00000388 -0.00000060 -0.00000002 -0.00000024 0.11251725 0.99364978 0.00000043 -0.00000015 1.00000000 -0.00000000 -0.96576810 0.25940740 0.00000045 0.00000000 -0.25940740 -0.96576810 -0.00000003 -0.00000000 69.49430084 99.32521057 0.02175211 1.00000000
12 "HorseTail1" 5 -27.39106369 2.94788551 -0.00001339 -0.00000023 0.00000006 0.99930465 0.03728493 -0.00000045 0.00000016 1.00000000 -0.00000000 0.99928987 0.03768143 0.00000044 0.00000000 -0.03768143 0.99928987 -0.00000017 0.00000000 -64.56099701 -114.53105927 0.02176826 1.00000000
13 "Base HumanPelvis" 8 -0.00959863 2.75130033 -0.00000081 -0.00000019 0.00000000 -0.00000000 1.00000000 0.00000035 0.00000129 1.00000000 -0.00000000 0.00349011 -0.99999386 0.00000129 0.00000000 0.99999380 0.00349011 -0.00000035 0.00000000 -61.62531662 1.84625554 0.00001268 1.00000000
14 "HorseLTibia" 9 31.31948662 -0.00020651 -0.00361445 0.01084755 0.01118963 -0.46607634 0.88460726 0.09277519 -0.02111151 -0.99546325 -0.00000000 0.56022501 -0.82540148 0.06971675 0.00000000 -0.82312870 -0.56415135 -0.06474960 -0.00000000 30.87059402 83.57257080 15.22663593 1.00000000
15 "HorseRTibia" 10 31.31951141 -0.00009364 0.00232446 -0.01087736 -0.01121332 -0.46607637 0.88460654 -0.09277263 0.02095126 -0.99546689 0.00000000 0.56023008 -0.82540941 -0.06958281 0.00000000 -0.82312548 -0.56414574 0.06483787 -0.00000000 30.86608315 83.57115173 -15.28569317 1.00000000
16 "HorseSpine2" 11 38.44315720 -0.00000666 0.00002934 -0.00000015 -0.00000034 -0.20727859 0.97828197 0.00000117 -0.00000012 1.00000000 -0.00000000 -0.98798442 -0.15455413 0.00000114 0.00000000 0.15455413 -0.98798442 -0.00000030 -0.00000000 -11.89877796 103.38322449 0.02174763 1.00000000
17 "HorseTail2" 12 39.27943039 -0.00001974 0.00000095 -0.00000012 -0.00000001 0.00863249 0.99996275 -0.00000043 -0.00000008 1.00000000 -0.00000000 0.99979144 0.02042374 0.00000043 0.00000000 -0.02042374 0.99979144 0.00000007 -0.00000000 -105.80224609 -112.72123718 0.02174144 1.00000000
18 "Base HumanLThigh" 13 1.15045643 3.13681412 5.87765121 -0.15943407 -0.95226425 -0.23931365 0.10248190 0.27148899 0.42310292 -0.86445218 -0.00000000 -0.25783324 -0.83338284 -0.48887095 0.00000000 -0.92726237 0.35560769 -0.11716429 0.00000000 56.34146118 -25.70479584 11.91272163 1.00000000
19 "Base HumanRThigh" 13 1.15044463 3.13681722 -5.87764692 0.03268086 0.99220735 -0.03682154 0.11445811 -0.22953951 -0.06558660 -0.97108704 -0.00000000 -0.05981473 -0.99489045 0.08133298 0.00000000 -0.97145951 0.07675442 0.22444361 0.00000000 59.57488632 -6.27012062 -19.71109772 1.00000000
20 "Base HumanSpine1" 13 3.04399800 2.61858416 -0.00000109 0.01017305 0.00103094 0.05705816 0.99831849 -0.00089701 0.02043077 0.99979091 -0.00000000 -0.11047732 -0.99367326 0.02020664 0.00000000 0.99387819 -0.11043608 0.00314847 -0.00000000 -64.33610535 6.59891796 -0.19258137 1.00000000
21 "Base HumanSword" 13 -9.48522091 5.85465097 50.61970520 0.00000194 0.00000288 1.00000000 0.00000140 0.00000353 0.00000441 1.00000000 -0.00000000 -0.00348731 0.99999386 -0.00000451 0.00000000 -0.99999380 -0.00348731 0.00000355 -0.00000000 52.13990784 4.00795984 -50.61991119 1.00000000
22 "HorseLLargeCannon" 14 31.77967453 -0.00017921 -0.00617835 0.03013045 -0.05508367 0.31248477 0.94784558 -0.06103512 -0.09480534 -0.99362308 -0.00000000 -0.03019731 -0.99484795 0.09677716 0.00000000 -0.99767882 0.03591159 0.05785779 0.00000000 50.38042068 67.98699951 7.53997183 1.00000000
23 "HorseRLargeCannon" 15 31.77969170 0.00007429 0.00324526 -0.03011972 0.05513594 0.31248584 0.94784254 0.06103604 0.09462234 -0.99364036 -0.00000000 -0.03021363 -0.99486512 -0.09659491 0.00000000 -0.99767804 0.03591731 -0.05786373 0.00000000 50.38398743 67.98880005 -7.59510851 1.00000000
24 "HorseRibcage" 16 37.60338593 -0.00011505 -0.00001283 0.00000022 0.00000021 0.08062810 0.99674428 0.00000076 0.00000017 1.00000000 -0.00000000 -0.99998057 0.00625526 0.00000076 0.00000000 -0.00625526 -0.99998057 0.00000018 -0.00000000 -32.24162292 109.99571228 0.02169572 1.00000000
25 "Strap center" 16 28.50755310 -27.89259720 -0.00001250 0.00000028 0.00000030 0.48536286 0.87431282 0.00000026 -0.00000027 1.00000000 -0.00000000 -0.65366429 0.75678474 0.00000037 0.00000000 -0.75678474 -0.65366429 0.00000003 -0.00000000 90.04741669 103.71824646 0.02170104 1.00000000
26 "Base HumanLCalf" 18 33.04482651 0.00060556 -0.00125036 0.21543807 0.07440985 -0.39547145 0.88974828 0.16113879 0.17071515 -0.97205484 -0.00000000 0.53347206 -0.84370524 -0.05973960 -0.00000000 -0.83032626 -0.50893766 -0.22702546 -0.00000000 29.40966225 5.72927427 21.15870667 1.00000000
27 "Base HumanRCalf" 19 33.04481506 0.00195902 0.02912568 -0.01553114 0.01114027 -0.15915421 0.98706871 -0.18066873 -0.10105482 -0.97833866 -0.00000000 0.25477487 -0.96556383 0.05268637 -0.00000000 -0.94997275 -0.23973733 0.20019342 -0.00000000 27.48882103 3.05029726 -19.18124580 1.00000000
28 "Base HumanSpine2" 20 18.80648804 0.00000632 -0.00007078 0.00110394 -0.00177329 -0.13752708 0.99049580 -0.00322075 0.02208759 0.99975097 -0.00000000 0.16448753 -0.98612672 0.02231650 -0.00000000 0.98637390 0.16451843 -0.00045707 -0.00000000 -81.79545593 -16.30228424 0.11359435 1.00000000
29 "HorseFrontRLegScapula" 24 -4.07376480 -1.50534630 -8.22025585 0.90295792 0.39792451 0.01883282 0.16114733 -0.09423784 0.30600721 -0.94735354 -0.00000000 -0.67805648 -0.71648371 -0.16398373 0.00000000 -0.72894365 0.62690574 0.27501005 0.00000000 60.79928970 -87.94786835 -43.15624619 1.00000000
30 "HorseLPhalanxPrima" 22 32.38240433 0.00010469 0.00291001 -0.03527441 0.04410139 0.31783864 0.94646150 0.00001824 -0.00001291 -1.00000012 -0.00000000 -0.62967688 -0.77685720 -0.00000144 0.00000000 -0.77685720 0.62967694 -0.00002229 -0.00000000 54.18581772 42.90507507 15.03346443 1.00000000
31 "HorseLScapula" 24 -4.07378483 -1.50535083 8.22024441 -0.90295768 -0.39792475 0.01883101 0.16114782 0.09424292 -0.30600563 -0.94735366 -0.00000000 -0.67805606 -0.71648520 0.16397943 0.00000000 -0.72894347 0.62690496 -0.27501261 0.00000000 60.80335999 -87.96109772 43.11528778 1.00000000
32 "HorseNeck1" 24 -0.00000510 -0.00000553 -0.00000130 -0.00000053 -0.00000048 -0.38413498 0.92327696 0.00000170 0.00000005 1.00000000 -0.00000000 -0.70930392 -0.70490301 0.00000124 -0.00000000 0.70490301 -0.70930392 -0.00000116 -0.00000000 -100.74931335 54.66402435 0.02186018 1.00000000
33 "HorseRPhalanxPrima" 23 32.38241196 0.00044903 -0.00351432 0.03519246 -0.04405395 0.31784147 0.94646585 0.00001362 -0.00000888 -1.00000000 -0.00000000 -0.62968582 -0.77684987 -0.00000169 0.00000000 -0.77684975 0.62968582 -0.00001617 -0.00000000 54.18616486 42.90350342 -15.07491970 1.00000000
34 "Base HumanLFoot" 26 25.74729156 0.00097954 -0.00566934 0.05412336 -0.08309390 0.63240117 0.76826745 0.00372317 -0.10354069 -0.99461836 -0.00000000 -0.72456074 -0.68578047 0.06867817 0.00000000 -0.68920076 0.72040576 -0.07757488 0.00000000 10.34811401 -2.94304657 19.45282364 1.00000000
35 "Base HumanRFoot" 27 25.74732208 0.00046093 0.00419396 0.06803368 0.07983276 0.61206299 0.78382206 -0.10010005 -0.05296709 -0.99356639 -0.00000000 -0.87851059 -0.46410450 0.11324991 0.00000000 -0.46711725 0.88419509 -0.00007529 0.00000000 4.17718077 -4.83658838 -18.42753220 1.00000000
36 "Base HumanRibcage" 28 16.28143883 0.00001962 -0.00005799 -0.00000032 0.00001094 0.05514714 0.99847823 -0.00079060 0.02230851 0.99975085 -0.00000000 0.05488792 -0.99824309 0.02231827 -0.00000000 0.99849218 0.05489190 -0.00043526 -0.00000000 -99.27566528 -5.40228701 0.11148390 1.00000000
37 "HorseFrontRLegHumerus" 29 26.05630493 -0.00098079 0.00347824 0.12325636 0.10469989 -0.55160409 0.81827790 -0.01202388 -0.05868160 -0.99820423 -0.00000000 0.42812571 -0.90244925 0.04789548 -0.00000000 -0.90363926 -0.42678106 0.03597401 -0.00000000 103.22550964 -3.21653986 -11.77459049 1.00000000
38 "HorseLHumerus" 31 26.05631828 -0.00098484 -0.00341907 -0.12325408 -0.10470135 -0.55160624 0.81827664 0.01202442 0.05868235 -0.99820429 -0.00000000 0.42813092 -0.90244681 -0.04789570 -0.00000000 -0.90363687 -0.42678615 -0.03597510 -0.00000000 103.22599792 -3.21337676 11.73144150 1.00000000
39 "HorseLstap" 32 23.34479332 25.94564629 13.72569656 0.15713361 0.06250691 0.89811337 0.40594873 0.23149735 0.23985167 0.94280452 -0.00000000 -0.08734645 0.97034079 -0.22540988 0.00000000 -0.96890646 -0.03016893 0.24558151 -0.00000000 95.39855194 65.73313141 -54.68234634 1.00000000
40 "HorseNeck2" 32 29.74161720 -0.00033303 -0.00000015 0.00000018 0.00000015 0.12983087 0.99153620 0.00000141 0.00000001 1.00000000 -0.00000000 -0.86687893 -0.49851897 0.00000123 -0.00000000 0.49851897 -0.86687893 -0.00000070 -0.00000000 -112.01769257 86.41822052 0.02179861 1.00000000
41 "HorseRstap" 32 23.34478951 25.94563293 -13.72570133 -0.15713269 -0.06250588 0.89811343 0.40594894 -0.23149854 -0.23985164 0.94280410 -0.00000000 -0.08734706 0.97034073 0.22540964 0.00000000 -0.96890616 -0.03016913 -0.24558279 -0.00000000 95.38845825 65.72277832 54.72330856 1.00000000
42 "Base HumanLCollarbone" 36 -2.39638329 3.53085136 2.01216960 0.05419438 -0.72822368 -0.17905535 0.65931207 0.93368185 0.35278669 -0.06147898 -0.00000000 0.32863575 -0.91232806 -0.24424553 0.00000000 -0.14225556 0.20784344 -0.96776253 0.00000000 13.11085320 -24.16638756 93.34398651 1.00000000
43 "Base HumanNeck1" 36 0.54074842 -0.04063593 -0.00000008 -0.00000020 0.00000048 0.10097612 0.99488884 0.00370675 0.02201212 0.99975091 -0.00000000 -0.14679845 -0.98891467 0.02231782 -0.00000000 0.98915946 -0.14684457 -0.00043431 -0.00000000 -98.85819244 14.80280304 0.11138929 1.00000000
44 "Base HumanRCollarbone" 36 -2.39637256 3.53084922 -2.01216507 -0.05442137 0.72825772 -0.17927800 0.65919530 -0.94732279 -0.31216869 -0.07162437 -0.00000000 0.28721562 -0.92696840 0.24132289 0.00000000 -0.14172699 0.20803906 0.96779799 -0.00000000 12.93185520 -24.23192596 -93.35678101 1.00000000
45 "HorseFrontRLegRadius" 37 25.15046883 0.00019859 0.00071445 0.01460266 0.02861164 0.26162869 0.96463388 0.00744635 -0.08763032 -0.99612528 -0.00000000 -0.08973008 -0.99219304 0.08661367 0.00000000 -0.99593842 0.08873744 -0.01525132 0.00000000 66.19248199 -42.62630844 -6.80226898 1.00000000
46 "HorseLRadius" 38 25.15048218 0.00028932 -0.00061910 -0.01461219 -0.02858801 0.26170221 0.96461451 -0.00738495 0.08763419 -0.99612546 -0.00000000 -0.08987224 -0.99217951 -0.08662080 0.00000000 -0.99592602 0.08888439 0.01520310 0.00000000 66.18554688 -42.63219070 6.76215267 1.00000000
47 "HorseNeck3" 40 20.57662582 -0.00018620 -0.00001387 0.00000032 0.00000053 0.57380623 0.81899112 0.00000000 -0.00000019 1.00000000 -0.00000000 -0.76458317 0.64452517 0.00000013 0.00000000 -0.64452517 -0.76458317 -0.00000015 -0.00000000 35.94327927 154.13458252 0.02165582 1.00000000
48 "Base HumanLUpperarm" 42 12.46429634 -2.70835781 -0.55149859 0.10021904 -0.36748016 0.10935388 0.91812646 0.66120166 0.07463304 -0.74648660 -0.00000000 -0.05414760 -0.98769629 -0.14671029 0.00000000 -0.74825150 0.13742553 -0.64902532 0.00000000 63.14567184 -10.95833492 71.90109253 1.00000000
49 "Base HumanNeck2" 43 2.85660052 0.00000316 0.00000128 0.00026832 -0.00311451 0.02094757 0.99977571 0.01086268 0.02224348 0.99969363 -0.00000000 -0.18794729 -0.98188853 0.02388956 -0.00000000 0.98211902 -0.18814915 -0.00648534 -0.00000000 -101.00286102 19.05041885 0.73380947 1.00000000
50 "Base HumanRUpperarm" 44 12.46601963 -2.70008373 0.55342668 -0.11159631 0.36837137 0.08166173 0.91933680 -0.64897799 -0.06971593 -0.75760627 -0.00000000 -0.02538421 -0.99325413 0.11314508 0.00000000 -0.76038355 0.09265995 0.64283031 0.00000000 64.18890381 -7.19723558 -71.49089050 1.00000000
51 "HorseFrontRLegMetacarpus" 45 28.73165703 0.00002899 -0.00070471 0.01580317 0.00747374 0.00223168 0.99984473 0.02185067 -0.11912936 -0.99263823 -0.00000000 -0.09566969 -0.98856831 0.11653498 0.00000000 -0.99517339 0.09241904 -0.03299797 0.00000000 37.35714340 -42.97811127 -4.88927507 1.00000000
52 "HorseLMetacarpus" 46 28.73168945 0.00011462 0.00061283 -0.01580273 -0.00748760 0.00207416 0.99984497 -0.02184941 0.11912760 -0.99263865 -0.00000000 -0.09550270 -0.98858398 -0.11653890 0.00000000 -0.99518949 0.09225342 0.03297700 0.00000000 37.36321259 -42.97100449 4.84827757 1.00000000
53 "Base HumanLForearm" 48 18.72869873 0.00333168 -0.03338504 0.07174871 0.00019563 0.07131660 0.99486989 0.65771967 -0.12729166 -0.74242955 -0.00000000 -0.19522436 -0.98074681 -0.00479776 0.00000000 -0.72752476 0.14809594 -0.66990691 -0.00000000 43.11753464 -6.76742935 73.23028564 1.00000000
54 "Base HumanRForearm" 50 18.37117958 0.00162014 0.01788490 -0.07167354 -0.00044132 0.07123930 0.99488074 -0.64520586 0.13175137 -0.75256300 -0.00000000 -0.16703846 -0.98551422 -0.02932466 0.00000000 -0.74552512 0.10678657 0.65786701 0.00000000 44.99922180 -3.34095836 -72.30838013 1.00000000
55 "HorseFrontRLegPhalangesManus" 51 25.66217232 -0.00018907 -0.00286163 -0.06366330 0.00263514 0.23409687 0.97012305 0.00004873 0.00634962 -0.99997979 -0.00000000 -0.53793353 -0.84297031 -0.00537886 0.00000000 -0.84298736 0.53792292 0.00337457 0.00000000 -8.92275143 -42.63734055 -10.49729443 1.00000000
56 "HorseLPhalangesManus" 52 25.66220665 -0.00029157 0.00276670 0.06366338 -0.00262758 0.23417737 0.97010362 -0.00002470 -0.00635839 -0.99998003 -0.00000000 -0.53793073 -0.84297210 0.00537327 0.00000000 -0.84298921 0.53792012 -0.00339954 0.00000000 -8.92279434 -42.63718796 10.45603371 1.00000000
57 "Base HumanLPalm" 53 16.77823448 -0.00724168 -0.04226714 -0.65987259 -0.00227605 -0.00193478 0.75137156 0.65326047 0.72365165 -0.22266306 -0.00000000 -0.19534408 -0.12303919 -0.97298610 0.00000000 -0.73149931 0.67910933 0.06098441 0.00000000 26.77588654 -73.37504578 2.73496103 1.00000000
58 "Base HumanRPalm" 54 16.77826118 -0.00361012 0.02044206 0.65987223 0.00224115 -0.00191585 0.75137204 -0.64074695 -0.73300231 -0.22836635 -0.00000000 -0.16694029 -0.15731302 0.97333634 0.00000000 -0.74938279 0.66178572 -0.02156985 0.00000000 28.64668846 -71.98825073 -6.00652122 1.00000000
meshes:2
mesh:"Horseman"
vertices
-5.83156395 -93.41334534 115.36031342 0.98706013 0.07190161 0.14310129 0.40812397 0.06661099 47 47 47 47 255 0 0 0
-7.34968519 -89.89810181 110.13217163 0.95709097 0.25562304 -0.13638721 0.39571702 0.07573396 47 41 47 47 128 127 0 0
-6.31983089 -91.81593323 117.09053040 0.99377424 0.11001923 0.01623585 0.40364879 0.05554742 47 47 47 47 255 0 0 0
-6.50525618 -89.30333710 115.27252197 0.93325603 0.17038484 -0.31620228 0.39863032 0.04910398 47 41 47 47 128 127 0 0
-13.59525013 -79.55827332 106.15261078 0.85656303 0.25229651 -0.45011750 0.36322528 0.08350122 41 41 41 41 255 0 0 0
-10.77371025 -78.84929657 110.44274902 0.83257544 0.20514542 -0.51448101 0.36653179 0.05180913 41 41 41 41 255 0 0 0
-16.46023941 -70.39141846 105.40850830 0.86034727 0.23825800 -0.45054474 0.32914060 0.08555573 41 41 41 41 255 0 0 0
-14.25424957 -70.34645844 109.97962189 0.86571854 0.27146214 -0.42045352 0.32873118 0.05232149 41 41 41 41 255 0 0 0
-16.83768082 -53.19203949 113.37132263 0.89370406 0.14279610 -0.42527542 0.28636181 0.05213571 41 25 41 41 230 25 0 0
-19.32531929 -52.27760315 108.17826080 0.90255439 0.13653982 -0.40830714 0.28615803 0.08359271 41 25 41 41 230 25 0 0
-16.05607033 -36.66425705 117.81787872 0.88918728 0.04077273 -0.45567188 0.24171948 0.08120054 25 41 24 24 104 82 69 0
-13.28798962 -38.48407364 122.87584686 0.88518935 -0.00280770 -0.46516311 0.24290901 0.05142277 25 41 32 41 103 86 66 0
-8.07113075 -24.55041695 131.37275696 0.80745870 -0.18390454 -0.56047243 0.21069229 0.07550943 25 25 25 25 255 0 0 0
-6.68708801 -27.65634537 134.53756714 0.71953487 -0.34623250 -0.60191655 0.21210000 0.05119145 25 25 25 25 255 0 0 0
-7.42004299 -90.13881683 110.10075378 -0.95712149 -0.25543994 0.13647878 0.39571702 0.07573396 47 41 47 47 128 127 0 0
-5.88712215 -93.67868805 115.39051819 -0.98709065 -0.07202368 -0.14300974 0.40812397 0.06661099 47 47 47 47 255 0 0 0
-6.38018799 -92.06582642 117.13748169 -0.99374372 -0.11023286 -0.01626637 0.40364879 0.05554742 47 47 47 47 255 0 0 0
-6.56742001 -89.52889252 115.30184174 -0.93374431 -0.17114781 0.31431013 0.39863032 0.04910398 47 41 47 47 128 127 0 0
-13.72591019 -79.69133759 106.03710938 -0.85839409 -0.25232702 0.44657734 0.36322528 0.08350122 41 41 41 41 255 0 0 0
-10.87720013 -78.97373199 110.42530823 -0.83562732 -0.20514542 0.50950652 0.36653179 0.05180913 41 41 41 41 255 0 0 0
-16.61870003 -70.38024902 105.25199127 -0.86291087 -0.23734245 0.44611958 0.32914060 0.08555573 41 41 41 41 255 0 0 0
-14.39132977 -70.33472443 109.93660736 -0.86843473 -0.27033296 0.41554004 0.32873118 0.05232149 41 41 41 41 255 0 0 0
-16.99976921 -53.01434708 113.36114502 -0.89522994 -0.14209418 0.42231512 0.28636181 0.05213571 41 25 41 41 230 25 0 0
-19.51148987 -52.09171295 108.07421875 -0.90383619 -0.13599049 0.40565202 0.28615803 0.08359271 41 25 41 41 230 25 0 0
-16.21051979 -36.31477737 117.82621002 -0.89013338 -0.03900266 0.45399335 0.24171948 0.08120054 25 41 24 24 104 81 70 0
-13.41569042 -38.16408539 122.95759583 -0.88558608 0.00460829 0.46443069 0.24290901 0.05142277 25 41 32 41 103 87 65 0
-8.14834595 -24.13034248 131.48457336 -0.80816066 0.18445387 0.55931270 0.21069229 0.07550943 25 25 25 25 255 0 0 0
-6.75093508 -27.27608871 134.68959045 -0.72173226 0.34550005 0.59974974 0.21210000 0.05119145 25 25 25 25 255 0 0 0
7.45849419 -89.89811707 110.13217163 -0.95709097 0.25562304 -0.13638721 0.39571702 0.07573396 47 39 47 47 128 127 0 0
5.94037104 -93.41334534 115.36031342 -0.98706013 0.07190161 0.14310129 0.40812397 0.06661099 47 47 47 47 255 0 0 0
6.42863798 -91.81593323 117.09053040 -0.99377424 0.11001923 0.01623585 0.40364879 0.05554742 47 47 47 47 255 0 0 0
6.61406422 -89.30333710 115.27252197 -0.93325603 0.17038484 -0.31620228 0.39863032 0.04910398 47 39 47 47 128 127 0 0
13.70405960 -79.55827332 106.15261078 -0.85656303 0.25229651 -0.45011750 0.36322528 0.08350122 39 39 39 39 255 0 0 0
10.88251019 -78.84929657 110.44274902 -0.83257544 0.20514542 -0.51448101 0.36653179 0.05180913 39 39 39 39 255 0 0 0
16.56904984 -70.39141846 105.40850830 -0.86034727 0.23825800 -0.45054474 0.32914060 0.08555573 39 39 39 39 255 0 0 0
14.36305046 -70.34645844 109.97962189 -0.86571854 0.27146214 -0.42045352 0.32873118 0.05232149 39 39 39 39 255 0 0 0
16.94647980 -53.19203949 113.37132263 -0.89370406 0.14279610 -0.42527542 0.28636181 0.05213571 39 25 39 39 230 25 0 0
19.43412971 -52.27760315 108.17826080 -0.90255439 0.13653982 -0.40830714 0.28615803 0.08359271 39 25 39 39 230 25 0 0
16.16485977 -36.66425705 117.81787872 -0.88918728 0.04074221 -0.45567188 0.24171948 0.08120054 25 39 24 24 103 82 70 0
13.39678955 -38.48406601 122.87584686 -0.88518935 -0.00280770 -0.46516311 0.24290901 0.05142277 25 39 32 39 103 87 65 0
8.17993832 -24.55041695 131.37275696 -0.80745870 -0.18390454 -0.56047243 0.21069229 0.07550943 25 25 25 25 255 0 0 0
6.79588413 -27.65634537 134.53756714 -0.71953487 -0.34623250 -0.60191655 0.21210000 0.05119145 25 25 25 25 255 0 0 0
6.48899317 -92.06582642 117.13748169 0.99374372 -0.11023286 -0.01626637 0.40364879 0.05554742 47 47 47 47 255 0 0 0
5.99592781 -93.67868805 115.39051819 0.98709065 -0.07202368 -0.14300974 0.40812397 0.06661099 47 47 47 47 255 0 0 0
7.52885199 -90.13882446 110.10075378 0.95712149 -0.25543994 0.13647878 0.39571702 0.07573396 47 39 47 47 128 127 0 0
6.67622900 -89.52889252 115.30194092 0.93374431 -0.17114781 0.31431013 0.39863032 0.04910398 47 39 47 47 128 127 0 0
13.83471966 -79.69133759 106.03710938 0.85839409 -0.25232702 0.44657734 0.36322528 0.08350122 39 39 39 39 255 0 0 0
10.98600006 -78.97373199 110.42530823 0.83562732 -0.20514542 0.50950652 0.36653179 0.05180913 39 39 39 39 255 0 0 0
16.72751045 -70.38024902 105.25209045 0.86291087 -0.23734245 0.44611958 0.32914060 0.08555573 39 39 39 39 255 0 0 0
14.50014019 -70.33472443 109.93660736 0.86843473 -0.27033296 0.41554004 0.32873118 0.05232149 39 39 39 39 255 0 0 0
17.10857010 -53.01434708 113.36114502 0.89522994 -0.14209418 0.42231512 0.28636181 0.05213571 39 25 39 39 230 25 0 0
19.62029076 -52.09171295 108.07421875 0.90383619 -0.13599049 0.40565202 0.28615803 0.08359271 39 25 39 39 230 25 0 0
16.31930923 -36.31477737 117.82621002 0.89013338 -0.03900266 0.45399335 0.24171948 0.08120054 25 39 24 24 104 80 71 0
13.52449036 -38.16406631 122.95759583 0.88558608 0.00460829 0.46443069 0.24290901 0.05142277 25 39 32 39 103 88 64 0
8.25715542 -24.13034248 131.48457336 0.80816066 0.18445387 0.55931270 0.21069229 0.07550943 25 25 25 25 255 0 0 0
6.85973597 -27.27608871 134.68959045 0.72173226 0.34550005 0.59974974 0.21210000 0.05119145 25 25 25 25 255 0 0 0
-0.08618101 -20.94599152 135.73191833 0.59727776 -0.47212133 -0.64830470 0.17966500 0.06981838 25 25 25 25 255 0 0 0
-0.08618136 -24.36077309 138.53703308 0.61751151 -0.49925229 -0.60777611 0.18129089 0.05096018 25 24 24 24 254 1 0 0
-0.08618098 -20.47143555 135.93611145 -0.60130620 0.47065645 0.64564961 0.17966500 0.06981838 25 25 25 25 255 0 0 0
-0.08618134 -23.90415192 138.77044678 -0.62193668 0.49855039 0.60380870 0.18129089 0.05096018 25 24 24 24 254 1 0 0
0.19499271 -20.94599152 135.73191833 -0.59727776 -0.47212133 -0.64830470 0.17966500 0.06981838 25 25 25 25 255 0 0 0
0.19499230 -24.36078262 138.53703308 -0.61751151 -0.49925229 -0.60777611 0.18129089 0.05096018 25 24 24 24 254 1 0 0
0.19499271 -20.47143555 135.93611145 0.60130620 0.47065645 0.64564961 0.17966500 0.06981838 25 25 25 25 255 0 0 0
0.19499239 -23.90414238 138.77035522 0.62193668 0.49855039 0.60380870 0.18129089 0.05096018 25 24 24 24 254 1 0 0
0.05440674 158.64234924 107.85558319 -0.66414380 0.11941893 0.73796809 0.39970487 0.60662770 17 17 17 17 255 0 0 0
-7.24383020 127.99447632 106.24687195 -0.68767357 0.14410840 0.71153903 0.42428499 0.47548699 17 17 17 17 255 0 0 0
0.05440683 128.53520203 112.72766113 -0.66237372 0.15475936 0.73299354 0.39970490 0.48053837 17 17 17 17 255 0 0 0
0.05440461 109.43358612 117.71763611 -0.72713399 0.09817804 0.67940307 0.39970490 0.38012695 12 17 12 12 128 127 0 0
-9.74937153 108.75418854 107.01311493 -0.73775446 0.07422101 0.67094946 0.43076023 0.37511998 12 17 12 12 128 127 0 0
-8.54117489 90.25048828 109.04856110 -0.75603503 -0.02294992 0.65410322 0.42514890 0.27895218 12 12 12 12 255 0 0 0
0.05440224 90.55523682 119.28401184 -0.79259622 -0.04199347 0.60826439 0.39970490 0.28167009 12 12 12 12 255 0 0 0
-7.24383020 127.99447632 106.24687195 0.00000000 -0.00906400 -0.99993896 0.43755350 0.47531426 17 17 17 17 255 0 0 0
0.05440674 158.64234924 107.85558319 0.00000000 0.05240028 -0.99859613 0.45767510 0.60677838 17 17 17 17 255 0 0 0
0.05440664 127.99447632 106.24687195 0.00000000 0.00631733 -0.99996948 0.45786589 0.47699291 17 17 17 17 255 0 0 0
0.05440454 108.75418854 107.01311493 0.00000000 -0.07458724 -0.99719232 0.45748839 0.37620729 12 17 12 12 128 127 0 0
-9.74937153 108.75418854 107.01311493 0.00000000 -0.07458724 -0.99719232 0.43161380 0.37627286 12 17 12 12 128 127 0 0
-8.54117489 90.25048828 109.04856110 0.00000000 -0.10016175 -0.99496442 0.43632698 0.27953202 12 12 12 12 255 0 0 0
0.05440373 90.25048828 109.04856110 0.00000000 -0.09097568 -0.99584949 0.45729056 0.28066272 12 5 5 5 215 40 0 0
0.05440674 158.64234924 107.85558319 0.66414380 0.11941893 0.73796809 0.39970487 0.60662770 17 17 17 17 255 0 0 0
0.05440683 128.53520203 112.72766113 0.66237372 0.15475936 0.73299354 0.39970490 0.48053837 17 17 17 17 255 0 0 0
7.35264301 127.99447632 106.24687195 0.68767357 0.14410840 0.71153903 0.42428499 0.47548699 17 17 17 17 255 0 0 0
0.05440461 109.43358612 117.71763611 0.72713399 0.09817804 0.67940307 0.39970490 0.38012695 12 17 12 12 128 127 0 0
9.85818005 108.75418854 107.01311493 0.73775446 0.07422101 0.67094946 0.43076023 0.37511998 12 17 12 12 128 127 0 0
8.64997959 90.25048828 109.04856110 0.75603503 -0.02294992 0.65410322 0.42514890 0.27895218 12 12 12 12 255 0 0 0
0.05440224 90.55523682 119.28401184 0.79259622 -0.04199347 0.60826439 0.39970490 0.28167009 12 12 12 12 255 0 0 0
7.35264301 127.99447632 106.24687195 0.00000000 -0.00906400 -0.99993896 0.43755350 0.47531426 17 17 17 17 255 0 0 0
0.05440664 127.99447632 106.24687195 0.00000000 0.00631733 -0.99996948 0.45786589 0.47699291 17 17 17 17 255 0 0 0
0.05440674 158.64234924 107.85558319 0.00000000 0.05240028 -0.99859613 0.45767510 0.60677838 17 17 17 17 255 0 0 0
0.05440454 108.75418854 107.01311493 0.00000000 -0.07458724 -0.99719232 0.45748839 0.37620729 12 17 12 12 128 127 0 0
9.85818005 108.75418854 107.01311493 0.00000000 -0.07458724 -0.99719232 0.43161380 0.37627286 12 17 12 12 128 127 0 0
8.64997959 90.25048828 109.04856110 0.00000000 -0.10016175 -0.99496442 0.43632698 0.27953202 12 12 12 12 255 0 0 0
0.05440373 90.25048828 109.04856110 0.00000000 -0.09097568 -0.99584949 0.45729056 0.28066272 12 5 5 5 215 40 0 0
-5.36035109 78.25091553 110.03339386 -0.80123293 -0.18350780 0.56947541 0.41798133 0.21660364 12 12 12 12 255 0 0 0
0.05440225 78.82871246 118.60964966 -0.82210761 -0.20105594 0.53260905 0.39970490 0.22014570 12 12 12 12 255 0 0 0
0.05440685 65.52885437 109.16138458 -0.77574998 -0.36542863 0.51438946 0.39970487 0.15141761 5 12 5 5 128 127 0 0
-5.36035109 78.25091553 110.03339386 0.00000000 -0.03180029 -0.99948120 0.44236100 0.21757877 12 12 12 12 255 0 0 0
0.05440240 78.25091553 110.03339386 0.00000000 -0.00671407 -0.99996948 0.45736319 0.21857369 12 12 12 12 255 0 0 0
0.05440685 65.52885437 109.16138458 0.00000000 0.06836146 -0.99765009 0.45737678 0.15179169 5 12 5 5 128 127 0 0
5.46915483 78.25091553 110.03339386 0.80123293 -0.18350780 0.56947541 0.41798133 0.21660364 12 12 12 12 255 0 0 0
0.05440225 78.82871246 118.60964966 0.82210761 -0.20105594 0.53260905 0.39970490 0.22014570 12 12 12 12 255 0 0 0
0.05440685 65.52885437 109.16138458 0.77574998 -0.36542863 0.51438946 0.39970487 0.15141761 5 12 5 5 128 127 0 0
5.46915483 78.25091553 110.03339386 0.00000000 -0.03180029 -0.99948120 0.44236100 0.21757877 12 12 12 12 255 0 0 0
0.05440240 78.25091553 110.03339386 0.00000000 -0.00671407 -0.99996948 0.45736319 0.21857369 12 12 12 12 255 0 0 0
0.05440685 65.52885437 109.16138458 0.00000000 0.06836146 -0.99765009 0.45737678 0.15179169 5 12 5 5 128 127 0 0
-21.77368927 52.63804626 0.64137399 0.00000000 -0.01733451 -0.99984741 0.92878389 0.89882028 33 33 33 33 255 0 0 0
-20.81440926 65.20586395 0.42314178 0.00000000 -0.01733451 -0.99984741 0.88378590 0.87599331 33 33 33 33 255 0 0 0
-10.44221973 66.56690216 0.39950246 0.00000000 -0.01733451 -0.99984741 0.88548303 0.79971194 33 33 33 33 255 0 0 0
-8.85956192 50.70374680 0.67500103 0.00000000 -0.01733451 -0.99984741 0.94406676 0.80844469 33 33 33 33 255 0 0 0
-10.22056961 55.98023987 10.77671432 -0.12811670 -0.83932006 0.52827537 0.69074309 0.37898374 33 33 33 33 255 0 0 0
-19.74562073 57.22147369 10.46035099 -0.13034455 -0.88781399 0.44132817 0.70803070 0.40202111 33 33 33 33 255 0 0 0
-21.77368927 52.63804626 0.64137399 -0.52992338 -0.72048098 0.44724876 0.69811726 0.44653773 33 33 33 33 255 0 0 0
-8.85956192 50.70374680 0.67500103 -0.13379315 -0.88567764 0.44459364 0.67362589 0.41642094 33 33 33 33 255 0 0 0
-12.13214016 59.71644974 14.38704586 -0.10672323 -0.76219976 0.63844723 0.70071423 0.36568475 23 33 23 23 128 127 0 0
-18.33805084 60.13483810 13.89334488 -0.81810969 -0.39057589 0.42200994 0.71228456 0.37930524 23 33 23 23 128 127 0 0
-19.74562073 57.22147369 10.46035099 -0.10281686 -0.73720509 0.66777551 0.70803070 0.40202111 33 33 33 33 255 0 0 0
-12.74654961 64.61521912 21.49304581 -0.12237922 -0.91363263 0.38764611 0.70913208 0.33293790 23 23 23 23 255 0 0 0
-17.99511909 65.29788208 21.32923508 -0.12344737 -0.81243324 0.56978059 0.72256863 0.33952802 23 23 23 23 255 0 0 0
-18.13785934 71.48558807 16.30580139 -0.99569690 0.03564562 -0.08517716 0.73533469 0.36420751 23 33 23 23 128 127 0 0
-17.86403084 67.17897797 11.30183601 -0.73711354 0.66362500 -0.12726219 0.73047972 0.39261550 33 33 33 33 255 0 0 0
-19.74562073 57.22147369 10.46035099 -0.90960419 -0.09726249 0.40391248 0.70803070 0.40202111 33 33 33 33 255 0 0 0
-20.81440926 65.20586395 0.42314178 -0.68852812 0.72304451 0.05557420 0.72585773 0.44540960 33 33 33 33 255 0 0 0
-10.44221973 66.56690216 0.39950246 -0.16660054 0.97158724 -0.16797388 0.74866319 0.44383723 33 33 33 33 255 0 0 0
-12.08143044 68.45114136 11.52316666 -0.14810632 0.85418254 -0.49839777 0.74598080 0.39271259 33 33 33 33 255 0 0 0
-18.13785934 71.48558807 16.30580139 -0.12198249 0.90511793 -0.40723899 0.73533469 0.36420751 23 33 23 23 128 127 0 0
-12.12613010 72.16317749 16.30100441 -0.15109713 0.97448653 -0.16589862 0.74568152 0.36712974 23 33 23 23 128 127 0 0
-16.61358070 71.05009460 20.95129585 -0.71648306 0.69756156 -0.00201422 0.73877823 0.34432709 23 23 23 23 255 0 0 0
-14.44340992 71.54792786 21.27441025 -0.18060854 0.97747731 -0.10895108 0.74680459 0.34435165 23 23 23 23 255 0 0 0
-17.99511909 65.29788208 21.32923508 -0.96539199 0.21503341 -0.14749596 0.72256863 0.33952802 23 23 23 23 255 0 0 0
-18.13785934 71.48558807 16.30580139 -0.95037693 -0.04852443 0.30726036 0.73533469 0.36420751 23 33 23 23 128 127 0 0
-10.22056961 55.98023987 10.77671432 0.98297065 0.07507554 0.16754662 0.77439463 0.40522981 33 33 33 33 255 0 0 0
-12.08143044 68.45114136 11.52316666 0.98208565 0.15311137 -0.10974456 0.74598080 0.39271259 33 33 33 33 255 0 0 0
-12.12613010 72.16317749 16.30100441 0.98208565 0.15311137 -0.10974456 0.74568152 0.36712974 23 33 23 23 128 127 0 0
-12.12613010 72.16317749 16.30100441 0.84310436 -0.08209479 0.53138828 0.74568152 0.36712974 23 33 23 23 128 127 0 0
-12.13214016 59.71644974 14.38704586 0.95214695 0.03091525 0.30399486 0.76923299 0.38723755 23 33 23 23 128 127 0 0
-12.08143044 68.45114136 11.52316666 0.98788416 0.14392529 0.05789361 0.74598080 0.39271259 33 33 33 33 255 0 0 0
-8.85956192 50.70374680 0.67500103 0.98806727 0.12237922 0.09320353 0.78392661 0.44970751 33 33 33 33 255 0 0 0
-10.44221973 66.56690216 0.39950246 0.98660237 0.10065004 0.12833034 0.74866319 0.44383723 33 33 33 33 255 0 0 0
-12.08143044 68.45114136 11.52316666 0.98660237 0.10065004 0.12833034 0.74598080 0.39271259 33 33 33 33 255 0 0 0
-20.81440926 65.20586395 0.42314178 -0.98290962 0.07791375 0.16663106 0.72585773 0.44540960 33 33 33 33 255 0 0 0
-14.44340992 71.54792786 21.27441025 0.96893215 0.23468734 -0.07800531 0.74680459 0.34435165 23 23 23 23 255 0 0 0
-12.74654961 64.61521912 21.49304581 0.97506636 0.21707816 -0.04580828 0.76293206 0.34969842 23 23 23 23 255 0 0 0
-12.12613010 72.16317749 16.30100441 0.90755945 -0.06424146 0.41489914 0.74568152 0.36712974 23 33 23 23 128 127 0 0
-14.44340992 71.54792786 21.27441025 0.90755945 -0.06424146 0.41489914 0.74680459 0.34435165 23 23 23 23 255 0 0 0
-14.01091003 59.40932083 48.32441711 0.11566515 -0.83480328 -0.53822446 0.71678120 0.22387815 15 15 15 15 255 0 0 0
-20.51853943 60.85619354 48.59767914 -0.80764186 -0.40687278 -0.42677084 0.72834468 0.21007633 15 15 15 15 255 0 0 0
-20.22723007 62.75925064 43.91674805 -0.21594897 -0.89971620 -0.37922299 0.72987509 0.23209953 15 23 15 15 128 127 0 0
-20.22723007 62.75925064 43.91674805 -0.98709065 0.09262367 0.13040559 0.72987509 0.23209953 15 23 15 15 128 127 0 0
-19.02898026 69.84542847 48.69855881 -0.80425429 0.54762411 0.23075046 0.74891496 0.21778923 15 15 15 15 255 0 0 0
-19.44516945 73.58219147 44.72022629 -0.67018646 0.67918944 0.29914242 0.74994439 0.24166834 15 23 15 15 128 127 0 0
-14.43863010 74.71387482 44.75275040 -0.21042512 0.92156744 0.32615131 0.75728530 0.24483651 15 23 15 15 128 127 0 0
-14.31449032 74.46649170 38.92902756 -0.16104618 0.98504591 -0.06094546 0.75505030 0.26667684 23 23 23 23 255 0 0 0
-14.78349972 70.89052582 48.99034500 -0.22019105 0.82888269 0.51420635 0.76016784 0.22014010 15 15 15 15 255 0 0 0
-21.06097031 65.25822449 39.71928787 -0.98702961 0.16031373 0.00469985 0.73159218 0.25650680 23 23 23 23 255 0 0 0
-19.06735992 73.79708099 38.36907959 -0.67793816 0.72148806 -0.14069033 0.74693429 0.26774174 23 23 23 23 255 0 0 0
-13.79666042 61.72232437 43.63399124 -0.13034455 -0.85103917 -0.50859094 0.71839178 0.23802364 15 23 15 15 128 127 0 0
-20.22723007 62.75925064 43.91674805 -0.16010010 -0.86181217 -0.48127690 0.72987509 0.23209953 15 23 15 15 128 127 0 0
-21.06097031 65.25822449 39.71928787 -0.16010010 -0.86181217 -0.48127690 0.73159218 0.25650680 23 23 23 23 255 0 0 0
-21.06097031 65.25822449 39.71928787 -0.06784265 -0.79973751 -0.59645373 0.73159218 0.25650680 23 23 23 23 255 0 0 0
-12.44246006 64.31527710 40.00332260 -0.10599078 -0.96981722 -0.21955016 0.71486109 0.25340152 23 23 23 23 255 0 0 0
-14.43863010 74.71387482 44.75275040 0.93322551 0.01519822 0.35892820 0.75728530 0.24483651 15 23 15 15 128 127 0 0
-13.79666042 61.72232437 43.63399124 0.98187202 0.03924681 0.18530840 0.78442037 0.24575561 15 23 15 15 128 127 0 0
-12.44246006 64.31527710 40.00332260 0.98422194 0.12823878 0.12179937 0.77707219 0.26922685 23 23 23 23 255 0 0 0
-14.31449032 74.46649170 38.92902756 0.98306221 0.18268380 0.01318400 0.75505030 0.26667684 23 23 23 23 255 0 0 0
-14.43863010 74.71387482 44.75275040 0.98306221 0.18268380 0.01318400 0.75728530 0.24483651 15 23 15 15 128 127 0 0
-20.22723007 62.75925064 43.91674805 -0.16168706 -0.88210702 -0.44236580 0.72987509 0.23209953 15 23 15 15 128 127 0 0
-14.78349972 70.89052582 48.99034500 0.99511701 0.06253242 0.07626575 0.76016784 0.22014010 15 15 15 15 255 0 0 0
-14.01091003 59.40932083 48.32441711 0.99523914 0.07083346 -0.06674398 0.78735310 0.21843475 15 15 15 15 255 0 0 0
-14.43863010 74.71387482 44.75275040 0.99246192 0.03903317 0.11600085 0.75728530 0.24483651 15 23 15 15 128 127 0 0
-14.78349972 70.89052582 48.99034500 0.99246192 0.03903317 0.11600085 0.76016784 0.22014010 15 15 15 15 255 0 0 0
-14.44340992 71.54792786 21.27441025 0.97061068 0.23609120 -0.04611347 0.74680459 0.34435165 23 23 23 23 255 0 0 0
-14.31449032 74.46649170 38.92902756 0.97061068 0.23609120 -0.04611347 0.75505030 0.26667684 23 23 23 23 255 0 0 0
-14.31449032 74.46649170 38.92902756 0.98355055 0.17996766 -0.01321451 0.75505030 0.26667684 23 23 23 23 255 0 0 0
-17.99511909 65.29788208 21.32923508 -0.12851344 -0.99157691 -0.01394696 0.72256863 0.33952802 23 23 23 23 255 0 0 0
-21.06097031 65.25822449 39.71928787 -0.10806604 -0.99392682 -0.02014222 0.73159218 0.25650680 23 23 23 23 255 0 0 0
-17.99511909 65.29788208 21.32923508 -0.10806604 -0.99392682 -0.02014222 0.72256863 0.33952802 23 23 23 23 255 0 0 0
-7.41001177 -32.82176208 20.18016434 0.99380475 0.08853420 -0.06692709 0.85351539 0.32493836 51 51 51 51 255 0 0 0
-6.31949806 -44.25661850 21.95302010 0.99325544 0.11264382 0.02649007 0.87605739 0.33290613 51 51 51 51 255 0 0 0
-6.99023724 -46.21273041 16.64794922 0.99230933 0.10425123 -0.06628621 0.87517548 0.35416633 51 55 51 51 128 127 0 0
-7.85466719 -39.46462250 14.85891247 0.98794520 0.15338603 -0.02066103 0.86366951 0.34621626 51 55 51 51 128 127 0 0
-5.34816599 -51.05252838 10.43756390 0.97946101 0.19895016 0.03250221 0.86918807 0.38700533 55 55 55 55 255 0 0 0
-7.92862320 -39.35835266 11.67755699 0.98327583 0.16141240 0.08423109 0.86129701 0.35768563 55 55 55 55 255 0 0 0
-4.40297079 -56.05861664 2.37170076 0.98202461 0.13238929 0.13443403 0.85724914 0.42503315 55 55 55 55 255 0 0 0
-5.06639719 -39.37127304 2.07610440 0.95742667 0.04309214 0.28534806 0.84491324 0.38416606 55 55 55 55 255 0 0 0
-15.21203041 -49.83908844 10.87166405 -0.93029571 0.28205207 0.23441267 0.88012052 0.39832503 55 55 55 55 255 0 0 0
-11.95551968 -39.73197556 11.63410950 -0.71040988 0.67403179 0.20230719 0.89840674 0.39286244 55 55 55 55 255 0 0 0
-14.13490009 -38.97035980 2.06868696 -0.79744864 0.57792902 0.17319255 0.89720351 0.43682766 55 55 55 55 255 0 0 0
-7.92862320 -39.35835266 11.67755699 -0.06183050 0.99688709 0.04870754 0.90657794 0.39019412 55 55 55 55 255 0 0 0
-12.31733036 -45.26634598 16.81571007 -0.93267620 0.27710807 0.23087253 0.88589942 0.36384052 51 55 51 51 128 127 0 0
-11.09747028 -39.82032776 15.20647144 -0.64409316 0.67818230 -0.35377055 0.89916241 0.37234408 51 55 51 51 128 127 0 0
-7.85466719 -39.46462250 14.85891247 -0.14261299 0.90197456 -0.40748313 0.90703523 0.37671304 51 55 51 51 128 127 0 0
-7.41001177 -32.82176208 20.18016434 -0.23511460 0.88171023 -0.40897855 0.91511881 0.34453636 51 51 51 51 255 0 0 0
-14.22187042 -34.04568481 21.16894913 -0.94326609 0.14972381 -0.29627368 0.90498590 0.33522415 51 51 51 51 255 0 0 0
-13.66563034 -42.97159195 22.34252357 -0.91949219 -0.10699789 -0.37815484 0.88962376 0.33494753 51 51 51 51 255 0 0 0
-5.06639719 -39.37127304 2.07610440 -0.00491348 -0.01788385 -0.99981689 0.55228990 0.81622100 55 55 55 55 255 0 0 0
-4.40297079 -56.05861664 2.37170076 -0.00491348 -0.01788385 -0.99981689 0.49079281 0.81138149 55 55 55 55 255 0 0 0
-16.91031075 -54.39421463 2.40344071 -0.00491348 -0.01788385 -0.99981689 0.49692369 0.90267155 55 55 55 55 255 0 0 0
